+----------------------------------------------------------------------------------------------------------------------------------------------------------------------------------------------------------------------------------------------------------+
; Legal Partition Candidates                                                                                                                                                                                                                               ;
+-----------------------------------------------------+-------+----------------+--------------+----------------+--------+-----------------+---------------+-----------------+-------+----------------+--------------+------------------+-------------------+
; Hierarchy                                           ; Input ; Constant Input ; Unused Input ; Floating Input ; Output ; Constant Output ; Unused Output ; Floating Output ; Bidir ; Constant Bidir ; Unused Bidir ; Input only Bidir ; Output only Bidir ;
+-----------------------------------------------------+-------+----------------+--------------+----------------+--------+-----------------+---------------+-----------------+-------+----------------+--------------+------------------+-------------------+
; uart2|rf|\g1:127:f1                                 ; 12    ; 0              ; 0            ; 0              ; 10     ; 0               ; 0             ; 0               ; 0     ; 0              ; 0            ; 0                ; 0                 ;
; uart2|rf|\g1:126:f1                                 ; 12    ; 0              ; 0            ; 0              ; 10     ; 0               ; 0             ; 0               ; 0     ; 0              ; 0            ; 0                ; 0                 ;
; uart2|rf|\g1:125:f1                                 ; 12    ; 0              ; 0            ; 0              ; 10     ; 0               ; 0             ; 0               ; 0     ; 0              ; 0            ; 0                ; 0                 ;
; uart2|rf|\g1:124:f1                                 ; 12    ; 0              ; 0            ; 0              ; 10     ; 0               ; 0             ; 0               ; 0     ; 0              ; 0            ; 0                ; 0                 ;
; uart2|rf|\g1:123:f1                                 ; 12    ; 0              ; 0            ; 0              ; 10     ; 0               ; 0             ; 0               ; 0     ; 0              ; 0            ; 0                ; 0                 ;
; uart2|rf|\g1:122:f1                                 ; 12    ; 0              ; 0            ; 0              ; 10     ; 0               ; 0             ; 0               ; 0     ; 0              ; 0            ; 0                ; 0                 ;
; uart2|rf|\g1:121:f1                                 ; 12    ; 0              ; 0            ; 0              ; 10     ; 0               ; 0             ; 0               ; 0     ; 0              ; 0            ; 0                ; 0                 ;
; uart2|rf|\g1:120:f1                                 ; 12    ; 0              ; 0            ; 0              ; 10     ; 0               ; 0             ; 0               ; 0     ; 0              ; 0            ; 0                ; 0                 ;
; uart2|rf|\g1:119:f1                                 ; 12    ; 0              ; 0            ; 0              ; 10     ; 0               ; 0             ; 0               ; 0     ; 0              ; 0            ; 0                ; 0                 ;
; uart2|rf|\g1:118:f1                                 ; 12    ; 0              ; 0            ; 0              ; 10     ; 0               ; 0             ; 0               ; 0     ; 0              ; 0            ; 0                ; 0                 ;
; uart2|rf|\g1:117:f1                                 ; 12    ; 0              ; 0            ; 0              ; 10     ; 0               ; 0             ; 0               ; 0     ; 0              ; 0            ; 0                ; 0                 ;
; uart2|rf|\g1:116:f1                                 ; 12    ; 0              ; 0            ; 0              ; 10     ; 0               ; 0             ; 0               ; 0     ; 0              ; 0            ; 0                ; 0                 ;
; uart2|rf|\g1:115:f1                                 ; 12    ; 0              ; 0            ; 0              ; 10     ; 0               ; 0             ; 0               ; 0     ; 0              ; 0            ; 0                ; 0                 ;
; uart2|rf|\g1:114:f1                                 ; 12    ; 0              ; 0            ; 0              ; 10     ; 0               ; 0             ; 0               ; 0     ; 0              ; 0            ; 0                ; 0                 ;
; uart2|rf|\g1:113:f1                                 ; 12    ; 0              ; 0            ; 0              ; 10     ; 0               ; 0             ; 0               ; 0     ; 0              ; 0            ; 0                ; 0                 ;
; uart2|rf|\g1:112:f1                                 ; 12    ; 0              ; 0            ; 0              ; 10     ; 0               ; 0             ; 0               ; 0     ; 0              ; 0            ; 0                ; 0                 ;
; uart2|rf|\g1:111:f1                                 ; 12    ; 0              ; 0            ; 0              ; 10     ; 0               ; 0             ; 0               ; 0     ; 0              ; 0            ; 0                ; 0                 ;
; uart2|rf|\g1:110:f1                                 ; 12    ; 0              ; 0            ; 0              ; 10     ; 0               ; 0             ; 0               ; 0     ; 0              ; 0            ; 0                ; 0                 ;
; uart2|rf|\g1:109:f1                                 ; 12    ; 0              ; 0            ; 0              ; 10     ; 0               ; 0             ; 0               ; 0     ; 0              ; 0            ; 0                ; 0                 ;
; uart2|rf|\g1:108:f1                                 ; 12    ; 0              ; 0            ; 0              ; 10     ; 0               ; 0             ; 0               ; 0     ; 0              ; 0            ; 0                ; 0                 ;
; uart2|rf|\g1:107:f1                                 ; 12    ; 0              ; 0            ; 0              ; 10     ; 0               ; 0             ; 0               ; 0     ; 0              ; 0            ; 0                ; 0                 ;
; uart2|rf|\g1:106:f1                                 ; 12    ; 0              ; 0            ; 0              ; 10     ; 0               ; 0             ; 0               ; 0     ; 0              ; 0            ; 0                ; 0                 ;
; uart2|rf|\g1:105:f1                                 ; 12    ; 0              ; 0            ; 0              ; 10     ; 0               ; 0             ; 0               ; 0     ; 0              ; 0            ; 0                ; 0                 ;
; uart2|rf|\g1:104:f1                                 ; 12    ; 0              ; 0            ; 0              ; 10     ; 0               ; 0             ; 0               ; 0     ; 0              ; 0            ; 0                ; 0                 ;
; uart2|rf|\g1:103:f1                                 ; 12    ; 0              ; 0            ; 0              ; 10     ; 0               ; 0             ; 0               ; 0     ; 0              ; 0            ; 0                ; 0                 ;
; uart2|rf|\g1:102:f1                                 ; 12    ; 0              ; 0            ; 0              ; 10     ; 0               ; 0             ; 0               ; 0     ; 0              ; 0            ; 0                ; 0                 ;
; uart2|rf|\g1:101:f1                                 ; 12    ; 0              ; 0            ; 0              ; 10     ; 0               ; 0             ; 0               ; 0     ; 0              ; 0            ; 0                ; 0                 ;
; uart2|rf|\g1:100:f1                                 ; 12    ; 0              ; 0            ; 0              ; 10     ; 0               ; 0             ; 0               ; 0     ; 0              ; 0            ; 0                ; 0                 ;
; uart2|rf|\g1:99:f1                                  ; 12    ; 0              ; 0            ; 0              ; 10     ; 0               ; 0             ; 0               ; 0     ; 0              ; 0            ; 0                ; 0                 ;
; uart2|rf|\g1:98:f1                                  ; 12    ; 0              ; 0            ; 0              ; 10     ; 0               ; 0             ; 0               ; 0     ; 0              ; 0            ; 0                ; 0                 ;
; uart2|rf|\g1:97:f1                                  ; 12    ; 0              ; 0            ; 0              ; 10     ; 0               ; 0             ; 0               ; 0     ; 0              ; 0            ; 0                ; 0                 ;
; uart2|rf|\g1:96:f1                                  ; 12    ; 0              ; 0            ; 0              ; 10     ; 0               ; 0             ; 0               ; 0     ; 0              ; 0            ; 0                ; 0                 ;
; uart2|rf|\g1:95:f1                                  ; 12    ; 0              ; 0            ; 0              ; 10     ; 0               ; 0             ; 0               ; 0     ; 0              ; 0            ; 0                ; 0                 ;
; uart2|rf|\g1:94:f1                                  ; 12    ; 0              ; 0            ; 0              ; 10     ; 0               ; 0             ; 0               ; 0     ; 0              ; 0            ; 0                ; 0                 ;
; uart2|rf|\g1:93:f1                                  ; 12    ; 0              ; 0            ; 0              ; 10     ; 0               ; 0             ; 0               ; 0     ; 0              ; 0            ; 0                ; 0                 ;
; uart2|rf|\g1:92:f1                                  ; 12    ; 0              ; 0            ; 0              ; 10     ; 0               ; 0             ; 0               ; 0     ; 0              ; 0            ; 0                ; 0                 ;
; uart2|rf|\g1:91:f1                                  ; 12    ; 0              ; 0            ; 0              ; 10     ; 0               ; 0             ; 0               ; 0     ; 0              ; 0            ; 0                ; 0                 ;
; uart2|rf|\g1:90:f1                                  ; 12    ; 0              ; 0            ; 0              ; 10     ; 0               ; 0             ; 0               ; 0     ; 0              ; 0            ; 0                ; 0                 ;
; uart2|rf|\g1:89:f1                                  ; 12    ; 0              ; 0            ; 0              ; 10     ; 0               ; 0             ; 0               ; 0     ; 0              ; 0            ; 0                ; 0                 ;
; uart2|rf|\g1:88:f1                                  ; 12    ; 0              ; 0            ; 0              ; 10     ; 0               ; 0             ; 0               ; 0     ; 0              ; 0            ; 0                ; 0                 ;
; uart2|rf|\g1:87:f1                                  ; 12    ; 0              ; 0            ; 0              ; 10     ; 0               ; 0             ; 0               ; 0     ; 0              ; 0            ; 0                ; 0                 ;
; uart2|rf|\g1:86:f1                                  ; 12    ; 0              ; 0            ; 0              ; 10     ; 0               ; 0             ; 0               ; 0     ; 0              ; 0            ; 0                ; 0                 ;
; uart2|rf|\g1:85:f1                                  ; 12    ; 0              ; 0            ; 0              ; 10     ; 0               ; 0             ; 0               ; 0     ; 0              ; 0            ; 0                ; 0                 ;
; uart2|rf|\g1:84:f1                                  ; 12    ; 0              ; 0            ; 0              ; 10     ; 0               ; 0             ; 0               ; 0     ; 0              ; 0            ; 0                ; 0                 ;
; uart2|rf|\g1:83:f1                                  ; 12    ; 0              ; 0            ; 0              ; 10     ; 0               ; 0             ; 0               ; 0     ; 0              ; 0            ; 0                ; 0                 ;
; uart2|rf|\g1:82:f1                                  ; 12    ; 0              ; 0            ; 0              ; 10     ; 0               ; 0             ; 0               ; 0     ; 0              ; 0            ; 0                ; 0                 ;
; uart2|rf|\g1:81:f1                                  ; 12    ; 0              ; 0            ; 0              ; 10     ; 0               ; 0             ; 0               ; 0     ; 0              ; 0            ; 0                ; 0                 ;
; uart2|rf|\g1:80:f1                                  ; 12    ; 0              ; 0            ; 0              ; 10     ; 0               ; 0             ; 0               ; 0     ; 0              ; 0            ; 0                ; 0                 ;
; uart2|rf|\g1:79:f1                                  ; 12    ; 0              ; 0            ; 0              ; 10     ; 0               ; 0             ; 0               ; 0     ; 0              ; 0            ; 0                ; 0                 ;
; uart2|rf|\g1:78:f1                                  ; 12    ; 0              ; 0            ; 0              ; 10     ; 0               ; 0             ; 0               ; 0     ; 0              ; 0            ; 0                ; 0                 ;
; uart2|rf|\g1:77:f1                                  ; 12    ; 0              ; 0            ; 0              ; 10     ; 0               ; 0             ; 0               ; 0     ; 0              ; 0            ; 0                ; 0                 ;
; uart2|rf|\g1:76:f1                                  ; 12    ; 0              ; 0            ; 0              ; 10     ; 0               ; 0             ; 0               ; 0     ; 0              ; 0            ; 0                ; 0                 ;
; uart2|rf|\g1:75:f1                                  ; 12    ; 0              ; 0            ; 0              ; 10     ; 0               ; 0             ; 0               ; 0     ; 0              ; 0            ; 0                ; 0                 ;
; uart2|rf|\g1:74:f1                                  ; 12    ; 0              ; 0            ; 0              ; 10     ; 0               ; 0             ; 0               ; 0     ; 0              ; 0            ; 0                ; 0                 ;
; uart2|rf|\g1:73:f1                                  ; 12    ; 0              ; 0            ; 0              ; 10     ; 0               ; 0             ; 0               ; 0     ; 0              ; 0            ; 0                ; 0                 ;
; uart2|rf|\g1:72:f1                                  ; 12    ; 0              ; 0            ; 0              ; 10     ; 0               ; 0             ; 0               ; 0     ; 0              ; 0            ; 0                ; 0                 ;
; uart2|rf|\g1:71:f1                                  ; 12    ; 0              ; 0            ; 0              ; 10     ; 0               ; 0             ; 0               ; 0     ; 0              ; 0            ; 0                ; 0                 ;
; uart2|rf|\g1:70:f1                                  ; 12    ; 0              ; 0            ; 0              ; 10     ; 0               ; 0             ; 0               ; 0     ; 0              ; 0            ; 0                ; 0                 ;
; uart2|rf|\g1:69:f1                                  ; 12    ; 0              ; 0            ; 0              ; 10     ; 0               ; 0             ; 0               ; 0     ; 0              ; 0            ; 0                ; 0                 ;
; uart2|rf|\g1:68:f1                                  ; 12    ; 0              ; 0            ; 0              ; 10     ; 0               ; 0             ; 0               ; 0     ; 0              ; 0            ; 0                ; 0                 ;
; uart2|rf|\g1:67:f1                                  ; 12    ; 0              ; 0            ; 0              ; 10     ; 0               ; 0             ; 0               ; 0     ; 0              ; 0            ; 0                ; 0                 ;
; uart2|rf|\g1:66:f1                                  ; 12    ; 0              ; 0            ; 0              ; 10     ; 0               ; 0             ; 0               ; 0     ; 0              ; 0            ; 0                ; 0                 ;
; uart2|rf|\g1:65:f1                                  ; 12    ; 0              ; 0            ; 0              ; 10     ; 0               ; 0             ; 0               ; 0     ; 0              ; 0            ; 0                ; 0                 ;
; uart2|rf|\g1:64:f1                                  ; 12    ; 0              ; 0            ; 0              ; 10     ; 0               ; 0             ; 0               ; 0     ; 0              ; 0            ; 0                ; 0                 ;
; uart2|rf|\g1:63:f1                                  ; 12    ; 0              ; 0            ; 0              ; 10     ; 0               ; 0             ; 0               ; 0     ; 0              ; 0            ; 0                ; 0                 ;
; uart2|rf|\g1:62:f1                                  ; 12    ; 0              ; 0            ; 0              ; 10     ; 0               ; 0             ; 0               ; 0     ; 0              ; 0            ; 0                ; 0                 ;
; uart2|rf|\g1:61:f1                                  ; 12    ; 0              ; 0            ; 0              ; 10     ; 0               ; 0             ; 0               ; 0     ; 0              ; 0            ; 0                ; 0                 ;
; uart2|rf|\g1:60:f1                                  ; 12    ; 0              ; 0            ; 0              ; 10     ; 0               ; 0             ; 0               ; 0     ; 0              ; 0            ; 0                ; 0                 ;
; uart2|rf|\g1:59:f1                                  ; 12    ; 0              ; 0            ; 0              ; 10     ; 0               ; 0             ; 0               ; 0     ; 0              ; 0            ; 0                ; 0                 ;
; uart2|rf|\g1:58:f1                                  ; 12    ; 0              ; 0            ; 0              ; 10     ; 0               ; 0             ; 0               ; 0     ; 0              ; 0            ; 0                ; 0                 ;
; uart2|rf|\g1:57:f1                                  ; 12    ; 0              ; 0            ; 0              ; 10     ; 0               ; 0             ; 0               ; 0     ; 0              ; 0            ; 0                ; 0                 ;
; uart2|rf|\g1:56:f1                                  ; 12    ; 0              ; 0            ; 0              ; 10     ; 0               ; 0             ; 0               ; 0     ; 0              ; 0            ; 0                ; 0                 ;
; uart2|rf|\g1:55:f1                                  ; 12    ; 0              ; 0            ; 0              ; 10     ; 0               ; 0             ; 0               ; 0     ; 0              ; 0            ; 0                ; 0                 ;
; uart2|rf|\g1:54:f1                                  ; 12    ; 0              ; 0            ; 0              ; 10     ; 0               ; 0             ; 0               ; 0     ; 0              ; 0            ; 0                ; 0                 ;
; uart2|rf|\g1:53:f1                                  ; 12    ; 0              ; 0            ; 0              ; 10     ; 0               ; 0             ; 0               ; 0     ; 0              ; 0            ; 0                ; 0                 ;
; uart2|rf|\g1:52:f1                                  ; 12    ; 0              ; 0            ; 0              ; 10     ; 0               ; 0             ; 0               ; 0     ; 0              ; 0            ; 0                ; 0                 ;
; uart2|rf|\g1:51:f1                                  ; 12    ; 0              ; 0            ; 0              ; 10     ; 0               ; 0             ; 0               ; 0     ; 0              ; 0            ; 0                ; 0                 ;
; uart2|rf|\g1:50:f1                                  ; 12    ; 0              ; 0            ; 0              ; 10     ; 0               ; 0             ; 0               ; 0     ; 0              ; 0            ; 0                ; 0                 ;
; uart2|rf|\g1:49:f1                                  ; 12    ; 0              ; 0            ; 0              ; 10     ; 0               ; 0             ; 0               ; 0     ; 0              ; 0            ; 0                ; 0                 ;
; uart2|rf|\g1:48:f1                                  ; 12    ; 0              ; 0            ; 0              ; 10     ; 0               ; 0             ; 0               ; 0     ; 0              ; 0            ; 0                ; 0                 ;
; uart2|rf|\g1:47:f1                                  ; 12    ; 0              ; 0            ; 0              ; 10     ; 0               ; 0             ; 0               ; 0     ; 0              ; 0            ; 0                ; 0                 ;
; uart2|rf|\g1:46:f1                                  ; 12    ; 0              ; 0            ; 0              ; 10     ; 0               ; 0             ; 0               ; 0     ; 0              ; 0            ; 0                ; 0                 ;
; uart2|rf|\g1:45:f1                                  ; 12    ; 0              ; 0            ; 0              ; 10     ; 0               ; 0             ; 0               ; 0     ; 0              ; 0            ; 0                ; 0                 ;
; uart2|rf|\g1:44:f1                                  ; 12    ; 0              ; 0            ; 0              ; 10     ; 0               ; 0             ; 0               ; 0     ; 0              ; 0            ; 0                ; 0                 ;
; uart2|rf|\g1:43:f1                                  ; 12    ; 0              ; 0            ; 0              ; 10     ; 0               ; 0             ; 0               ; 0     ; 0              ; 0            ; 0                ; 0                 ;
; uart2|rf|\g1:42:f1                                  ; 12    ; 0              ; 0            ; 0              ; 10     ; 0               ; 0             ; 0               ; 0     ; 0              ; 0            ; 0                ; 0                 ;
; uart2|rf|\g1:41:f1                                  ; 12    ; 0              ; 0            ; 0              ; 10     ; 0               ; 0             ; 0               ; 0     ; 0              ; 0            ; 0                ; 0                 ;
; uart2|rf|\g1:40:f1                                  ; 12    ; 0              ; 0            ; 0              ; 10     ; 0               ; 0             ; 0               ; 0     ; 0              ; 0            ; 0                ; 0                 ;
; uart2|rf|\g1:39:f1                                  ; 12    ; 0              ; 0            ; 0              ; 10     ; 0               ; 0             ; 0               ; 0     ; 0              ; 0            ; 0                ; 0                 ;
; uart2|rf|\g1:38:f1                                  ; 12    ; 0              ; 0            ; 0              ; 10     ; 0               ; 0             ; 0               ; 0     ; 0              ; 0            ; 0                ; 0                 ;
; uart2|rf|\g1:37:f1                                  ; 12    ; 0              ; 0            ; 0              ; 10     ; 0               ; 0             ; 0               ; 0     ; 0              ; 0            ; 0                ; 0                 ;
; uart2|rf|\g1:36:f1                                  ; 12    ; 0              ; 0            ; 0              ; 10     ; 0               ; 0             ; 0               ; 0     ; 0              ; 0            ; 0                ; 0                 ;
; uart2|rf|\g1:35:f1                                  ; 12    ; 0              ; 0            ; 0              ; 10     ; 0               ; 0             ; 0               ; 0     ; 0              ; 0            ; 0                ; 0                 ;
; uart2|rf|\g1:34:f1                                  ; 12    ; 0              ; 0            ; 0              ; 10     ; 0               ; 0             ; 0               ; 0     ; 0              ; 0            ; 0                ; 0                 ;
; uart2|rf|\g1:33:f1                                  ; 12    ; 0              ; 0            ; 0              ; 10     ; 0               ; 0             ; 0               ; 0     ; 0              ; 0            ; 0                ; 0                 ;
; uart2|rf|\g1:32:f1                                  ; 12    ; 0              ; 0            ; 0              ; 10     ; 0               ; 0             ; 0               ; 0     ; 0              ; 0            ; 0                ; 0                 ;
; uart2|rf|\g1:31:f1                                  ; 12    ; 0              ; 0            ; 0              ; 10     ; 0               ; 0             ; 0               ; 0     ; 0              ; 0            ; 0                ; 0                 ;
; uart2|rf|\g1:30:f1                                  ; 12    ; 0              ; 0            ; 0              ; 10     ; 0               ; 0             ; 0               ; 0     ; 0              ; 0            ; 0                ; 0                 ;
; uart2|rf|\g1:29:f1                                  ; 12    ; 0              ; 0            ; 0              ; 10     ; 0               ; 0             ; 0               ; 0     ; 0              ; 0            ; 0                ; 0                 ;
; uart2|rf|\g1:28:f1                                  ; 12    ; 0              ; 0            ; 0              ; 10     ; 0               ; 0             ; 0               ; 0     ; 0              ; 0            ; 0                ; 0                 ;
; uart2|rf|\g1:27:f1                                  ; 12    ; 0              ; 0            ; 0              ; 10     ; 0               ; 0             ; 0               ; 0     ; 0              ; 0            ; 0                ; 0                 ;
; uart2|rf|\g1:26:f1                                  ; 12    ; 0              ; 0            ; 0              ; 10     ; 0               ; 0             ; 0               ; 0     ; 0              ; 0            ; 0                ; 0                 ;
; uart2|rf|\g1:25:f1                                  ; 12    ; 0              ; 0            ; 0              ; 10     ; 0               ; 0             ; 0               ; 0     ; 0              ; 0            ; 0                ; 0                 ;
; uart2|rf|\g1:24:f1                                  ; 12    ; 0              ; 0            ; 0              ; 10     ; 0               ; 0             ; 0               ; 0     ; 0              ; 0            ; 0                ; 0                 ;
; uart2|rf|\g1:23:f1                                  ; 12    ; 0              ; 0            ; 0              ; 10     ; 0               ; 0             ; 0               ; 0     ; 0              ; 0            ; 0                ; 0                 ;
; uart2|rf|\g1:22:f1                                  ; 12    ; 0              ; 0            ; 0              ; 10     ; 0               ; 0             ; 0               ; 0     ; 0              ; 0            ; 0                ; 0                 ;
; uart2|rf|\g1:21:f1                                  ; 12    ; 0              ; 0            ; 0              ; 10     ; 0               ; 0             ; 0               ; 0     ; 0              ; 0            ; 0                ; 0                 ;
; uart2|rf|\g1:20:f1                                  ; 12    ; 0              ; 0            ; 0              ; 10     ; 0               ; 0             ; 0               ; 0     ; 0              ; 0            ; 0                ; 0                 ;
; uart2|rf|\g1:19:f1                                  ; 12    ; 0              ; 0            ; 0              ; 10     ; 0               ; 0             ; 0               ; 0     ; 0              ; 0            ; 0                ; 0                 ;
; uart2|rf|\g1:18:f1                                  ; 12    ; 0              ; 0            ; 0              ; 10     ; 0               ; 0             ; 0               ; 0     ; 0              ; 0            ; 0                ; 0                 ;
; uart2|rf|\g1:17:f1                                  ; 12    ; 0              ; 0            ; 0              ; 10     ; 0               ; 0             ; 0               ; 0     ; 0              ; 0            ; 0                ; 0                 ;
; uart2|rf|\g1:16:f1                                  ; 12    ; 0              ; 0            ; 0              ; 10     ; 0               ; 0             ; 0               ; 0     ; 0              ; 0            ; 0                ; 0                 ;
; uart2|rf|\g1:15:f1                                  ; 12    ; 0              ; 0            ; 0              ; 10     ; 0               ; 0             ; 0               ; 0     ; 0              ; 0            ; 0                ; 0                 ;
; uart2|rf|\g1:14:f1                                  ; 12    ; 0              ; 0            ; 0              ; 10     ; 0               ; 0             ; 0               ; 0     ; 0              ; 0            ; 0                ; 0                 ;
; uart2|rf|\g1:13:f1                                  ; 12    ; 0              ; 0            ; 0              ; 10     ; 0               ; 0             ; 0               ; 0     ; 0              ; 0            ; 0                ; 0                 ;
; uart2|rf|\g1:12:f1                                  ; 12    ; 0              ; 0            ; 0              ; 10     ; 0               ; 0             ; 0               ; 0     ; 0              ; 0            ; 0                ; 0                 ;
; uart2|rf|\g1:11:f1                                  ; 12    ; 0              ; 0            ; 0              ; 10     ; 0               ; 0             ; 0               ; 0     ; 0              ; 0            ; 0                ; 0                 ;
; uart2|rf|\g1:10:f1                                  ; 12    ; 0              ; 0            ; 0              ; 10     ; 0               ; 0             ; 0               ; 0     ; 0              ; 0            ; 0                ; 0                 ;
; uart2|rf|\g1:9:f1                                   ; 12    ; 0              ; 0            ; 0              ; 10     ; 0               ; 0             ; 0               ; 0     ; 0              ; 0            ; 0                ; 0                 ;
; uart2|rf|\g1:8:f1                                   ; 12    ; 0              ; 0            ; 0              ; 10     ; 0               ; 0             ; 0               ; 0     ; 0              ; 0            ; 0                ; 0                 ;
; uart2|rf|\g1:7:f1                                   ; 12    ; 0              ; 0            ; 0              ; 10     ; 0               ; 0             ; 0               ; 0     ; 0              ; 0            ; 0                ; 0                 ;
; uart2|rf|\g1:6:f1                                   ; 12    ; 0              ; 0            ; 0              ; 10     ; 0               ; 0             ; 0               ; 0     ; 0              ; 0            ; 0                ; 0                 ;
; uart2|rf|\g1:5:f1                                   ; 12    ; 0              ; 0            ; 0              ; 10     ; 0               ; 0             ; 0               ; 0     ; 0              ; 0            ; 0                ; 0                 ;
; uart2|rf|\g1:4:f1                                   ; 12    ; 0              ; 0            ; 0              ; 10     ; 0               ; 0             ; 0               ; 0     ; 0              ; 0            ; 0                ; 0                 ;
; uart2|rf|\g1:3:f1                                   ; 12    ; 0              ; 0            ; 0              ; 10     ; 0               ; 0             ; 0               ; 0     ; 0              ; 0            ; 0                ; 0                 ;
; uart2|rf|\g1:2:f1                                   ; 12    ; 0              ; 0            ; 0              ; 10     ; 0               ; 0             ; 0               ; 0     ; 0              ; 0            ; 0                ; 0                 ;
; uart2|rf|\g1:1:f1                                   ; 12    ; 0              ; 0            ; 0              ; 10     ; 0               ; 0             ; 0               ; 0     ; 0              ; 0            ; 0                ; 0                 ;
; uart2|rf|\g1:0:f1                                   ; 12    ; 1              ; 0            ; 1              ; 10     ; 1               ; 1             ; 1               ; 0     ; 0              ; 0            ; 0                ; 0                 ;
; uart2|rf                                            ; 12    ; 0              ; 0            ; 0              ; 11     ; 0               ; 0             ; 0               ; 0     ; 0              ; 0            ; 0                ; 0                 ;
; uart2|tf|\g1:127:f1                                 ; 12    ; 0              ; 0            ; 0              ; 10     ; 0               ; 0             ; 0               ; 0     ; 0              ; 0            ; 0                ; 0                 ;
; uart2|tf|\g1:126:f1                                 ; 12    ; 0              ; 0            ; 0              ; 10     ; 0               ; 0             ; 0               ; 0     ; 0              ; 0            ; 0                ; 0                 ;
; uart2|tf|\g1:125:f1                                 ; 12    ; 0              ; 0            ; 0              ; 10     ; 0               ; 0             ; 0               ; 0     ; 0              ; 0            ; 0                ; 0                 ;
; uart2|tf|\g1:124:f1                                 ; 12    ; 0              ; 0            ; 0              ; 10     ; 0               ; 0             ; 0               ; 0     ; 0              ; 0            ; 0                ; 0                 ;
; uart2|tf|\g1:123:f1                                 ; 12    ; 0              ; 0            ; 0              ; 10     ; 0               ; 0             ; 0               ; 0     ; 0              ; 0            ; 0                ; 0                 ;
; uart2|tf|\g1:122:f1                                 ; 12    ; 0              ; 0            ; 0              ; 10     ; 0               ; 0             ; 0               ; 0     ; 0              ; 0            ; 0                ; 0                 ;
; uart2|tf|\g1:121:f1                                 ; 12    ; 0              ; 0            ; 0              ; 10     ; 0               ; 0             ; 0               ; 0     ; 0              ; 0            ; 0                ; 0                 ;
; uart2|tf|\g1:120:f1                                 ; 12    ; 0              ; 0            ; 0              ; 10     ; 0               ; 0             ; 0               ; 0     ; 0              ; 0            ; 0                ; 0                 ;
; uart2|tf|\g1:119:f1                                 ; 12    ; 0              ; 0            ; 0              ; 10     ; 0               ; 0             ; 0               ; 0     ; 0              ; 0            ; 0                ; 0                 ;
; uart2|tf|\g1:118:f1                                 ; 12    ; 0              ; 0            ; 0              ; 10     ; 0               ; 0             ; 0               ; 0     ; 0              ; 0            ; 0                ; 0                 ;
; uart2|tf|\g1:117:f1                                 ; 12    ; 0              ; 0            ; 0              ; 10     ; 0               ; 0             ; 0               ; 0     ; 0              ; 0            ; 0                ; 0                 ;
; uart2|tf|\g1:116:f1                                 ; 12    ; 0              ; 0            ; 0              ; 10     ; 0               ; 0             ; 0               ; 0     ; 0              ; 0            ; 0                ; 0                 ;
; uart2|tf|\g1:115:f1                                 ; 12    ; 0              ; 0            ; 0              ; 10     ; 0               ; 0             ; 0               ; 0     ; 0              ; 0            ; 0                ; 0                 ;
; uart2|tf|\g1:114:f1                                 ; 12    ; 0              ; 0            ; 0              ; 10     ; 0               ; 0             ; 0               ; 0     ; 0              ; 0            ; 0                ; 0                 ;
; uart2|tf|\g1:113:f1                                 ; 12    ; 0              ; 0            ; 0              ; 10     ; 0               ; 0             ; 0               ; 0     ; 0              ; 0            ; 0                ; 0                 ;
; uart2|tf|\g1:112:f1                                 ; 12    ; 0              ; 0            ; 0              ; 10     ; 0               ; 0             ; 0               ; 0     ; 0              ; 0            ; 0                ; 0                 ;
; uart2|tf|\g1:111:f1                                 ; 12    ; 0              ; 0            ; 0              ; 10     ; 0               ; 0             ; 0               ; 0     ; 0              ; 0            ; 0                ; 0                 ;
; uart2|tf|\g1:110:f1                                 ; 12    ; 0              ; 0            ; 0              ; 10     ; 0               ; 0             ; 0               ; 0     ; 0              ; 0            ; 0                ; 0                 ;
; uart2|tf|\g1:109:f1                                 ; 12    ; 0              ; 0            ; 0              ; 10     ; 0               ; 0             ; 0               ; 0     ; 0              ; 0            ; 0                ; 0                 ;
; uart2|tf|\g1:108:f1                                 ; 12    ; 0              ; 0            ; 0              ; 10     ; 0               ; 0             ; 0               ; 0     ; 0              ; 0            ; 0                ; 0                 ;
; uart2|tf|\g1:107:f1                                 ; 12    ; 0              ; 0            ; 0              ; 10     ; 0               ; 0             ; 0               ; 0     ; 0              ; 0            ; 0                ; 0                 ;
; uart2|tf|\g1:106:f1                                 ; 12    ; 0              ; 0            ; 0              ; 10     ; 0               ; 0             ; 0               ; 0     ; 0              ; 0            ; 0                ; 0                 ;
; uart2|tf|\g1:105:f1                                 ; 12    ; 0              ; 0            ; 0              ; 10     ; 0               ; 0             ; 0               ; 0     ; 0              ; 0            ; 0                ; 0                 ;
; uart2|tf|\g1:104:f1                                 ; 12    ; 0              ; 0            ; 0              ; 10     ; 0               ; 0             ; 0               ; 0     ; 0              ; 0            ; 0                ; 0                 ;
; uart2|tf|\g1:103:f1                                 ; 12    ; 0              ; 0            ; 0              ; 10     ; 0               ; 0             ; 0               ; 0     ; 0              ; 0            ; 0                ; 0                 ;
; uart2|tf|\g1:102:f1                                 ; 12    ; 0              ; 0            ; 0              ; 10     ; 0               ; 0             ; 0               ; 0     ; 0              ; 0            ; 0                ; 0                 ;
; uart2|tf|\g1:101:f1                                 ; 12    ; 0              ; 0            ; 0              ; 10     ; 0               ; 0             ; 0               ; 0     ; 0              ; 0            ; 0                ; 0                 ;
; uart2|tf|\g1:100:f1                                 ; 12    ; 0              ; 0            ; 0              ; 10     ; 0               ; 0             ; 0               ; 0     ; 0              ; 0            ; 0                ; 0                 ;
; uart2|tf|\g1:99:f1                                  ; 12    ; 0              ; 0            ; 0              ; 10     ; 0               ; 0             ; 0               ; 0     ; 0              ; 0            ; 0                ; 0                 ;
; uart2|tf|\g1:98:f1                                  ; 12    ; 0              ; 0            ; 0              ; 10     ; 0               ; 0             ; 0               ; 0     ; 0              ; 0            ; 0                ; 0                 ;
; uart2|tf|\g1:97:f1                                  ; 12    ; 0              ; 0            ; 0              ; 10     ; 0               ; 0             ; 0               ; 0     ; 0              ; 0            ; 0                ; 0                 ;
; uart2|tf|\g1:96:f1                                  ; 12    ; 0              ; 0            ; 0              ; 10     ; 0               ; 0             ; 0               ; 0     ; 0              ; 0            ; 0                ; 0                 ;
; uart2|tf|\g1:95:f1                                  ; 12    ; 0              ; 0            ; 0              ; 10     ; 0               ; 0             ; 0               ; 0     ; 0              ; 0            ; 0                ; 0                 ;
; uart2|tf|\g1:94:f1                                  ; 12    ; 0              ; 0            ; 0              ; 10     ; 0               ; 0             ; 0               ; 0     ; 0              ; 0            ; 0                ; 0                 ;
; uart2|tf|\g1:93:f1                                  ; 12    ; 0              ; 0            ; 0              ; 10     ; 0               ; 0             ; 0               ; 0     ; 0              ; 0            ; 0                ; 0                 ;
; uart2|tf|\g1:92:f1                                  ; 12    ; 0              ; 0            ; 0              ; 10     ; 0               ; 0             ; 0               ; 0     ; 0              ; 0            ; 0                ; 0                 ;
; uart2|tf|\g1:91:f1                                  ; 12    ; 0              ; 0            ; 0              ; 10     ; 0               ; 0             ; 0               ; 0     ; 0              ; 0            ; 0                ; 0                 ;
; uart2|tf|\g1:90:f1                                  ; 12    ; 0              ; 0            ; 0              ; 10     ; 0               ; 0             ; 0               ; 0     ; 0              ; 0            ; 0                ; 0                 ;
; uart2|tf|\g1:89:f1                                  ; 12    ; 0              ; 0            ; 0              ; 10     ; 0               ; 0             ; 0               ; 0     ; 0              ; 0            ; 0                ; 0                 ;
; uart2|tf|\g1:88:f1                                  ; 12    ; 0              ; 0            ; 0              ; 10     ; 0               ; 0             ; 0               ; 0     ; 0              ; 0            ; 0                ; 0                 ;
; uart2|tf|\g1:87:f1                                  ; 12    ; 0              ; 0            ; 0              ; 10     ; 0               ; 0             ; 0               ; 0     ; 0              ; 0            ; 0                ; 0                 ;
; uart2|tf|\g1:86:f1                                  ; 12    ; 0              ; 0            ; 0              ; 10     ; 0               ; 0             ; 0               ; 0     ; 0              ; 0            ; 0                ; 0                 ;
; uart2|tf|\g1:85:f1                                  ; 12    ; 0              ; 0            ; 0              ; 10     ; 0               ; 0             ; 0               ; 0     ; 0              ; 0            ; 0                ; 0                 ;
; uart2|tf|\g1:84:f1                                  ; 12    ; 0              ; 0            ; 0              ; 10     ; 0               ; 0             ; 0               ; 0     ; 0              ; 0            ; 0                ; 0                 ;
; uart2|tf|\g1:83:f1                                  ; 12    ; 0              ; 0            ; 0              ; 10     ; 0               ; 0             ; 0               ; 0     ; 0              ; 0            ; 0                ; 0                 ;
; uart2|tf|\g1:82:f1                                  ; 12    ; 0              ; 0            ; 0              ; 10     ; 0               ; 0             ; 0               ; 0     ; 0              ; 0            ; 0                ; 0                 ;
; uart2|tf|\g1:81:f1                                  ; 12    ; 0              ; 0            ; 0              ; 10     ; 0               ; 0             ; 0               ; 0     ; 0              ; 0            ; 0                ; 0                 ;
; uart2|tf|\g1:80:f1                                  ; 12    ; 0              ; 0            ; 0              ; 10     ; 0               ; 0             ; 0               ; 0     ; 0              ; 0            ; 0                ; 0                 ;
; uart2|tf|\g1:79:f1                                  ; 12    ; 0              ; 0            ; 0              ; 10     ; 0               ; 0             ; 0               ; 0     ; 0              ; 0            ; 0                ; 0                 ;
; uart2|tf|\g1:78:f1                                  ; 12    ; 0              ; 0            ; 0              ; 10     ; 0               ; 0             ; 0               ; 0     ; 0              ; 0            ; 0                ; 0                 ;
; uart2|tf|\g1:77:f1                                  ; 12    ; 0              ; 0            ; 0              ; 10     ; 0               ; 0             ; 0               ; 0     ; 0              ; 0            ; 0                ; 0                 ;
; uart2|tf|\g1:76:f1                                  ; 12    ; 0              ; 0            ; 0              ; 10     ; 0               ; 0             ; 0               ; 0     ; 0              ; 0            ; 0                ; 0                 ;
; uart2|tf|\g1:75:f1                                  ; 12    ; 0              ; 0            ; 0              ; 10     ; 0               ; 0             ; 0               ; 0     ; 0              ; 0            ; 0                ; 0                 ;
; uart2|tf|\g1:74:f1                                  ; 12    ; 0              ; 0            ; 0              ; 10     ; 0               ; 0             ; 0               ; 0     ; 0              ; 0            ; 0                ; 0                 ;
; uart2|tf|\g1:73:f1                                  ; 12    ; 0              ; 0            ; 0              ; 10     ; 0               ; 0             ; 0               ; 0     ; 0              ; 0            ; 0                ; 0                 ;
; uart2|tf|\g1:72:f1                                  ; 12    ; 0              ; 0            ; 0              ; 10     ; 0               ; 0             ; 0               ; 0     ; 0              ; 0            ; 0                ; 0                 ;
; uart2|tf|\g1:71:f1                                  ; 12    ; 0              ; 0            ; 0              ; 10     ; 0               ; 0             ; 0               ; 0     ; 0              ; 0            ; 0                ; 0                 ;
; uart2|tf|\g1:70:f1                                  ; 12    ; 0              ; 0            ; 0              ; 10     ; 0               ; 0             ; 0               ; 0     ; 0              ; 0            ; 0                ; 0                 ;
; uart2|tf|\g1:69:f1                                  ; 12    ; 0              ; 0            ; 0              ; 10     ; 0               ; 0             ; 0               ; 0     ; 0              ; 0            ; 0                ; 0                 ;
; uart2|tf|\g1:68:f1                                  ; 12    ; 0              ; 0            ; 0              ; 10     ; 0               ; 0             ; 0               ; 0     ; 0              ; 0            ; 0                ; 0                 ;
; uart2|tf|\g1:67:f1                                  ; 12    ; 0              ; 0            ; 0              ; 10     ; 0               ; 0             ; 0               ; 0     ; 0              ; 0            ; 0                ; 0                 ;
; uart2|tf|\g1:66:f1                                  ; 12    ; 0              ; 0            ; 0              ; 10     ; 0               ; 0             ; 0               ; 0     ; 0              ; 0            ; 0                ; 0                 ;
; uart2|tf|\g1:65:f1                                  ; 12    ; 0              ; 0            ; 0              ; 10     ; 0               ; 0             ; 0               ; 0     ; 0              ; 0            ; 0                ; 0                 ;
; uart2|tf|\g1:64:f1                                  ; 12    ; 0              ; 0            ; 0              ; 10     ; 0               ; 0             ; 0               ; 0     ; 0              ; 0            ; 0                ; 0                 ;
; uart2|tf|\g1:63:f1                                  ; 12    ; 0              ; 0            ; 0              ; 10     ; 0               ; 0             ; 0               ; 0     ; 0              ; 0            ; 0                ; 0                 ;
; uart2|tf|\g1:62:f1                                  ; 12    ; 0              ; 0            ; 0              ; 10     ; 0               ; 0             ; 0               ; 0     ; 0              ; 0            ; 0                ; 0                 ;
; uart2|tf|\g1:61:f1                                  ; 12    ; 0              ; 0            ; 0              ; 10     ; 0               ; 0             ; 0               ; 0     ; 0              ; 0            ; 0                ; 0                 ;
; uart2|tf|\g1:60:f1                                  ; 12    ; 0              ; 0            ; 0              ; 10     ; 0               ; 0             ; 0               ; 0     ; 0              ; 0            ; 0                ; 0                 ;
; uart2|tf|\g1:59:f1                                  ; 12    ; 0              ; 0            ; 0              ; 10     ; 0               ; 0             ; 0               ; 0     ; 0              ; 0            ; 0                ; 0                 ;
; uart2|tf|\g1:58:f1                                  ; 12    ; 0              ; 0            ; 0              ; 10     ; 0               ; 0             ; 0               ; 0     ; 0              ; 0            ; 0                ; 0                 ;
; uart2|tf|\g1:57:f1                                  ; 12    ; 0              ; 0            ; 0              ; 10     ; 0               ; 0             ; 0               ; 0     ; 0              ; 0            ; 0                ; 0                 ;
; uart2|tf|\g1:56:f1                                  ; 12    ; 0              ; 0            ; 0              ; 10     ; 0               ; 0             ; 0               ; 0     ; 0              ; 0            ; 0                ; 0                 ;
; uart2|tf|\g1:55:f1                                  ; 12    ; 0              ; 0            ; 0              ; 10     ; 0               ; 0             ; 0               ; 0     ; 0              ; 0            ; 0                ; 0                 ;
; uart2|tf|\g1:54:f1                                  ; 12    ; 0              ; 0            ; 0              ; 10     ; 0               ; 0             ; 0               ; 0     ; 0              ; 0            ; 0                ; 0                 ;
; uart2|tf|\g1:53:f1                                  ; 12    ; 0              ; 0            ; 0              ; 10     ; 0               ; 0             ; 0               ; 0     ; 0              ; 0            ; 0                ; 0                 ;
; uart2|tf|\g1:52:f1                                  ; 12    ; 0              ; 0            ; 0              ; 10     ; 0               ; 0             ; 0               ; 0     ; 0              ; 0            ; 0                ; 0                 ;
; uart2|tf|\g1:51:f1                                  ; 12    ; 0              ; 0            ; 0              ; 10     ; 0               ; 0             ; 0               ; 0     ; 0              ; 0            ; 0                ; 0                 ;
; uart2|tf|\g1:50:f1                                  ; 12    ; 0              ; 0            ; 0              ; 10     ; 0               ; 0             ; 0               ; 0     ; 0              ; 0            ; 0                ; 0                 ;
; uart2|tf|\g1:49:f1                                  ; 12    ; 0              ; 0            ; 0              ; 10     ; 0               ; 0             ; 0               ; 0     ; 0              ; 0            ; 0                ; 0                 ;
; uart2|tf|\g1:48:f1                                  ; 12    ; 0              ; 0            ; 0              ; 10     ; 0               ; 0             ; 0               ; 0     ; 0              ; 0            ; 0                ; 0                 ;
; uart2|tf|\g1:47:f1                                  ; 12    ; 0              ; 0            ; 0              ; 10     ; 0               ; 0             ; 0               ; 0     ; 0              ; 0            ; 0                ; 0                 ;
; uart2|tf|\g1:46:f1                                  ; 12    ; 0              ; 0            ; 0              ; 10     ; 0               ; 0             ; 0               ; 0     ; 0              ; 0            ; 0                ; 0                 ;
; uart2|tf|\g1:45:f1                                  ; 12    ; 0              ; 0            ; 0              ; 10     ; 0               ; 0             ; 0               ; 0     ; 0              ; 0            ; 0                ; 0                 ;
; uart2|tf|\g1:44:f1                                  ; 12    ; 0              ; 0            ; 0              ; 10     ; 0               ; 0             ; 0               ; 0     ; 0              ; 0            ; 0                ; 0                 ;
; uart2|tf|\g1:43:f1                                  ; 12    ; 0              ; 0            ; 0              ; 10     ; 0               ; 0             ; 0               ; 0     ; 0              ; 0            ; 0                ; 0                 ;
; uart2|tf|\g1:42:f1                                  ; 12    ; 0              ; 0            ; 0              ; 10     ; 0               ; 0             ; 0               ; 0     ; 0              ; 0            ; 0                ; 0                 ;
; uart2|tf|\g1:41:f1                                  ; 12    ; 0              ; 0            ; 0              ; 10     ; 0               ; 0             ; 0               ; 0     ; 0              ; 0            ; 0                ; 0                 ;
; uart2|tf|\g1:40:f1                                  ; 12    ; 0              ; 0            ; 0              ; 10     ; 0               ; 0             ; 0               ; 0     ; 0              ; 0            ; 0                ; 0                 ;
; uart2|tf|\g1:39:f1                                  ; 12    ; 0              ; 0            ; 0              ; 10     ; 0               ; 0             ; 0               ; 0     ; 0              ; 0            ; 0                ; 0                 ;
; uart2|tf|\g1:38:f1                                  ; 12    ; 0              ; 0            ; 0              ; 10     ; 0               ; 0             ; 0               ; 0     ; 0              ; 0            ; 0                ; 0                 ;
; uart2|tf|\g1:37:f1                                  ; 12    ; 0              ; 0            ; 0              ; 10     ; 0               ; 0             ; 0               ; 0     ; 0              ; 0            ; 0                ; 0                 ;
; uart2|tf|\g1:36:f1                                  ; 12    ; 0              ; 0            ; 0              ; 10     ; 0               ; 0             ; 0               ; 0     ; 0              ; 0            ; 0                ; 0                 ;
; uart2|tf|\g1:35:f1                                  ; 12    ; 0              ; 0            ; 0              ; 10     ; 0               ; 0             ; 0               ; 0     ; 0              ; 0            ; 0                ; 0                 ;
; uart2|tf|\g1:34:f1                                  ; 12    ; 0              ; 0            ; 0              ; 10     ; 0               ; 0             ; 0               ; 0     ; 0              ; 0            ; 0                ; 0                 ;
; uart2|tf|\g1:33:f1                                  ; 12    ; 0              ; 0            ; 0              ; 10     ; 0               ; 0             ; 0               ; 0     ; 0              ; 0            ; 0                ; 0                 ;
; uart2|tf|\g1:32:f1                                  ; 12    ; 0              ; 0            ; 0              ; 10     ; 0               ; 0             ; 0               ; 0     ; 0              ; 0            ; 0                ; 0                 ;
; uart2|tf|\g1:31:f1                                  ; 12    ; 0              ; 0            ; 0              ; 10     ; 0               ; 0             ; 0               ; 0     ; 0              ; 0            ; 0                ; 0                 ;
; uart2|tf|\g1:30:f1                                  ; 12    ; 0              ; 0            ; 0              ; 10     ; 0               ; 0             ; 0               ; 0     ; 0              ; 0            ; 0                ; 0                 ;
; uart2|tf|\g1:29:f1                                  ; 12    ; 0              ; 0            ; 0              ; 10     ; 0               ; 0             ; 0               ; 0     ; 0              ; 0            ; 0                ; 0                 ;
; uart2|tf|\g1:28:f1                                  ; 12    ; 0              ; 0            ; 0              ; 10     ; 0               ; 0             ; 0               ; 0     ; 0              ; 0            ; 0                ; 0                 ;
; uart2|tf|\g1:27:f1                                  ; 12    ; 0              ; 0            ; 0              ; 10     ; 0               ; 0             ; 0               ; 0     ; 0              ; 0            ; 0                ; 0                 ;
; uart2|tf|\g1:26:f1                                  ; 12    ; 0              ; 0            ; 0              ; 10     ; 0               ; 0             ; 0               ; 0     ; 0              ; 0            ; 0                ; 0                 ;
; uart2|tf|\g1:25:f1                                  ; 12    ; 0              ; 0            ; 0              ; 10     ; 0               ; 0             ; 0               ; 0     ; 0              ; 0            ; 0                ; 0                 ;
; uart2|tf|\g1:24:f1                                  ; 12    ; 0              ; 0            ; 0              ; 10     ; 0               ; 0             ; 0               ; 0     ; 0              ; 0            ; 0                ; 0                 ;
; uart2|tf|\g1:23:f1                                  ; 12    ; 0              ; 0            ; 0              ; 10     ; 0               ; 0             ; 0               ; 0     ; 0              ; 0            ; 0                ; 0                 ;
; uart2|tf|\g1:22:f1                                  ; 12    ; 0              ; 0            ; 0              ; 10     ; 0               ; 0             ; 0               ; 0     ; 0              ; 0            ; 0                ; 0                 ;
; uart2|tf|\g1:21:f1                                  ; 12    ; 0              ; 0            ; 0              ; 10     ; 0               ; 0             ; 0               ; 0     ; 0              ; 0            ; 0                ; 0                 ;
; uart2|tf|\g1:20:f1                                  ; 12    ; 0              ; 0            ; 0              ; 10     ; 0               ; 0             ; 0               ; 0     ; 0              ; 0            ; 0                ; 0                 ;
; uart2|tf|\g1:19:f1                                  ; 12    ; 0              ; 0            ; 0              ; 10     ; 0               ; 0             ; 0               ; 0     ; 0              ; 0            ; 0                ; 0                 ;
; uart2|tf|\g1:18:f1                                  ; 12    ; 0              ; 0            ; 0              ; 10     ; 0               ; 0             ; 0               ; 0     ; 0              ; 0            ; 0                ; 0                 ;
; uart2|tf|\g1:17:f1                                  ; 12    ; 0              ; 0            ; 0              ; 10     ; 0               ; 0             ; 0               ; 0     ; 0              ; 0            ; 0                ; 0                 ;
; uart2|tf|\g1:16:f1                                  ; 12    ; 0              ; 0            ; 0              ; 10     ; 0               ; 0             ; 0               ; 0     ; 0              ; 0            ; 0                ; 0                 ;
; uart2|tf|\g1:15:f1                                  ; 12    ; 0              ; 0            ; 0              ; 10     ; 0               ; 0             ; 0               ; 0     ; 0              ; 0            ; 0                ; 0                 ;
; uart2|tf|\g1:14:f1                                  ; 12    ; 0              ; 0            ; 0              ; 10     ; 0               ; 0             ; 0               ; 0     ; 0              ; 0            ; 0                ; 0                 ;
; uart2|tf|\g1:13:f1                                  ; 12    ; 0              ; 0            ; 0              ; 10     ; 0               ; 0             ; 0               ; 0     ; 0              ; 0            ; 0                ; 0                 ;
; uart2|tf|\g1:12:f1                                  ; 12    ; 0              ; 0            ; 0              ; 10     ; 0               ; 0             ; 0               ; 0     ; 0              ; 0            ; 0                ; 0                 ;
; uart2|tf|\g1:11:f1                                  ; 12    ; 0              ; 0            ; 0              ; 10     ; 0               ; 0             ; 0               ; 0     ; 0              ; 0            ; 0                ; 0                 ;
; uart2|tf|\g1:10:f1                                  ; 12    ; 0              ; 0            ; 0              ; 10     ; 0               ; 0             ; 0               ; 0     ; 0              ; 0            ; 0                ; 0                 ;
; uart2|tf|\g1:9:f1                                   ; 12    ; 0              ; 0            ; 0              ; 10     ; 0               ; 0             ; 0               ; 0     ; 0              ; 0            ; 0                ; 0                 ;
; uart2|tf|\g1:8:f1                                   ; 12    ; 0              ; 0            ; 0              ; 10     ; 0               ; 0             ; 0               ; 0     ; 0              ; 0            ; 0                ; 0                 ;
; uart2|tf|\g1:7:f1                                   ; 12    ; 0              ; 0            ; 0              ; 10     ; 0               ; 0             ; 0               ; 0     ; 0              ; 0            ; 0                ; 0                 ;
; uart2|tf|\g1:6:f1                                   ; 12    ; 0              ; 0            ; 0              ; 10     ; 0               ; 0             ; 0               ; 0     ; 0              ; 0            ; 0                ; 0                 ;
; uart2|tf|\g1:5:f1                                   ; 12    ; 0              ; 0            ; 0              ; 10     ; 0               ; 0             ; 0               ; 0     ; 0              ; 0            ; 0                ; 0                 ;
; uart2|tf|\g1:4:f1                                   ; 12    ; 0              ; 0            ; 0              ; 10     ; 0               ; 0             ; 0               ; 0     ; 0              ; 0            ; 0                ; 0                 ;
; uart2|tf|\g1:3:f1                                   ; 12    ; 0              ; 0            ; 0              ; 10     ; 0               ; 0             ; 0               ; 0     ; 0              ; 0            ; 0                ; 0                 ;
; uart2|tf|\g1:2:f1                                   ; 12    ; 0              ; 0            ; 0              ; 10     ; 0               ; 0             ; 0               ; 0     ; 0              ; 0            ; 0                ; 0                 ;
; uart2|tf|\g1:1:f1                                   ; 12    ; 0              ; 0            ; 0              ; 10     ; 0               ; 0             ; 0               ; 0     ; 0              ; 0            ; 0                ; 0                 ;
; uart2|tf|\g1:0:f1                                   ; 12    ; 1              ; 0            ; 1              ; 10     ; 1               ; 1             ; 1               ; 0     ; 0              ; 0            ; 0                ; 0                 ;
; uart2|tf                                            ; 12    ; 1              ; 0            ; 1              ; 11     ; 1               ; 1             ; 1               ; 0     ; 0              ; 0            ; 0                ; 0                 ;
; uart2                                               ; 39    ; 36             ; 24           ; 36             ; 36     ; 36              ; 36            ; 36              ; 0     ; 0              ; 0            ; 0                ; 0                 ;
; router12_inst|\gen_dummy_slave:na_slave_inst        ; 62    ; 1              ; 9            ; 1              ; 92     ; 1               ; 1             ; 1               ; 0     ; 0              ; 0            ; 0                ; 0                 ;
; router12_inst|\gen_dummy_slave:dummy_slave_inst     ; 44    ; 0              ; 29           ; 0              ; 17     ; 0               ; 0             ; 0               ; 0     ; 0              ; 0            ; 0                ; 0                 ;
; router12_inst|router_inst                           ; 252   ; 0              ; 0            ; 0              ; 250    ; 0               ; 0             ; 0               ; 0     ; 0              ; 0            ; 0                ; 0                 ;
; router12_inst                                       ; 211   ; 226            ; 0            ; 226            ; 219    ; 226             ; 226           ; 226             ; 0     ; 0              ; 0            ; 0                ; 0                 ;
; router11_inst|router_inst                           ; 252   ; 99             ; 0            ; 99             ; 250    ; 99              ; 99            ; 99              ; 0     ; 0              ; 0            ; 0                ; 0                 ;
; router11_inst                                       ; 211   ; 127            ; 0            ; 127            ; 219    ; 127             ; 127           ; 127             ; 0     ; 0              ; 0            ; 0                ; 0                 ;
; router10_inst|router_inst                           ; 252   ; 99             ; 0            ; 99             ; 250    ; 99              ; 99            ; 99              ; 0     ; 0              ; 0            ; 0                ; 0                 ;
; router10_inst                                       ; 211   ; 127            ; 0            ; 127            ; 219    ; 127             ; 127           ; 127             ; 0     ; 0              ; 0            ; 0                ; 0                 ;
; router9_inst|\gen_switches:na_slave_inst            ; 62    ; 1              ; 9            ; 1              ; 92     ; 1               ; 1             ; 1               ; 0     ; 0              ; 0            ; 0                ; 0                 ;
; router9_inst|\gen_switches:switches_inst            ; 52    ; 0              ; 41           ; 0              ; 17     ; 0               ; 0             ; 0               ; 0     ; 0              ; 0            ; 0                ; 0                 ;
; router9_inst|router_inst                            ; 252   ; 0              ; 0            ; 0              ; 250    ; 0               ; 0             ; 0               ; 0     ; 0              ; 0            ; 0                ; 0                 ;
; router9_inst                                        ; 211   ; 210            ; 0            ; 210            ; 219    ; 210             ; 210           ; 210             ; 0     ; 0              ; 0            ; 0                ; 0                 ;
; router8_inst|router_inst                            ; 252   ; 99             ; 0            ; 99             ; 250    ; 99              ; 99            ; 99              ; 0     ; 0              ; 0            ; 0                ; 0                 ;
; router8_inst                                        ; 211   ; 127            ; 0            ; 127            ; 219    ; 127             ; 127           ; 127             ; 0     ; 0              ; 0            ; 0                ; 0                 ;
; router7_inst|router_inst                            ; 252   ; 99             ; 0            ; 99             ; 250    ; 99              ; 99            ; 99              ; 0     ; 0              ; 0            ; 0                ; 0                 ;
; router7_inst                                        ; 211   ; 27             ; 0            ; 27             ; 219    ; 27              ; 27            ; 27              ; 0     ; 0              ; 0            ; 0                ; 0                 ;
; router6_inst|\gen_dummy_master:na_master_inst       ; 94    ; 0              ; 41           ; 0              ; 59     ; 0               ; 0             ; 0               ; 0     ; 0              ; 0            ; 0                ; 0                 ;
; router6_inst|\gen_dummy_master:dummy_proc_inst      ; 12    ; 1              ; 0            ; 1              ; 50     ; 1               ; 1             ; 1               ; 0     ; 0              ; 0            ; 0                ; 0                 ;
; router6_inst|router_inst                            ; 252   ; 0              ; 0            ; 0              ; 250    ; 0               ; 0             ; 0               ; 0     ; 0              ; 0            ; 0                ; 0                 ;
; router6_inst                                        ; 211   ; 26             ; 0            ; 26             ; 219    ; 26              ; 26            ; 26              ; 0     ; 0              ; 0            ; 0                ; 0                 ;
; router5_inst|\gen_dummy_master:na_master_inst       ; 94    ; 0              ; 41           ; 0              ; 59     ; 0               ; 0             ; 0               ; 0     ; 0              ; 0            ; 0                ; 0                 ;
; router5_inst|\gen_dummy_master:dummy_proc_inst      ; 12    ; 1              ; 4            ; 1              ; 50     ; 1               ; 1             ; 1               ; 0     ; 0              ; 0            ; 0                ; 0                 ;
; router5_inst|router_inst                            ; 252   ; 0              ; 0            ; 0              ; 250    ; 0               ; 0             ; 0               ; 0     ; 0              ; 0            ; 0                ; 0                 ;
; router5_inst                                        ; 211   ; 126            ; 0            ; 126            ; 219    ; 126             ; 126           ; 126             ; 0     ; 0              ; 0            ; 0                ; 0                 ;
; router4_inst|router_inst                            ; 252   ; 99             ; 0            ; 99             ; 250    ; 99              ; 99            ; 99              ; 0     ; 0              ; 0            ; 0                ; 0                 ;
; router4_inst                                        ; 211   ; 127            ; 0            ; 127            ; 219    ; 127             ; 127           ; 127             ; 0     ; 0              ; 0            ; 0                ; 0                 ;
; router3_inst|router_inst                            ; 252   ; 99             ; 0            ; 99             ; 250    ; 99              ; 99            ; 99              ; 0     ; 0              ; 0            ; 0                ; 0                 ;
; router3_inst                                        ; 211   ; 27             ; 0            ; 27             ; 219    ; 27              ; 27            ; 27              ; 0     ; 0              ; 0            ; 0                ; 0                 ;
; router2_inst|\gen_dummy_slave:na_slave_inst         ; 62    ; 1              ; 9            ; 1              ; 92     ; 1               ; 1             ; 1               ; 0     ; 0              ; 0            ; 0                ; 0                 ;
; router2_inst|\gen_dummy_slave:dummy_slave_inst      ; 44    ; 0              ; 29           ; 0              ; 17     ; 0               ; 0             ; 0               ; 0     ; 0              ; 0            ; 0                ; 0                 ;
; router2_inst|router_inst                            ; 252   ; 0              ; 0            ; 0              ; 250    ; 0               ; 0             ; 0               ; 0     ; 0              ; 0            ; 0                ; 0                 ;
; router2_inst                                        ; 211   ; 226            ; 0            ; 226            ; 219    ; 226             ; 226           ; 226             ; 0     ; 0              ; 0            ; 0                ; 0                 ;
; router1_inst|router_inst                            ; 252   ; 99             ; 0            ; 99             ; 250    ; 99              ; 99            ; 99              ; 0     ; 0              ; 0            ; 0                ; 0                 ;
; router1_inst                                        ; 211   ; 127            ; 0            ; 127            ; 219    ; 127             ; 127           ; 127             ; 0     ; 0              ; 0            ; 0                ; 0                 ;
; mem2_slave_inst|\gen_dummy_slave:na_slave_inst      ; 62    ; 1              ; 9            ; 1              ; 92     ; 1               ; 1             ; 1               ; 0     ; 0              ; 0            ; 0                ; 0                 ;
; mem2_slave_inst|\gen_dummy_slave:dummy_slave_inst   ; 44    ; 0              ; 29           ; 0              ; 17     ; 0               ; 0             ; 0               ; 0     ; 0              ; 0            ; 0                ; 0                 ;
; mem2_slave_inst|router_inst                         ; 252   ; 0              ; 0            ; 0              ; 250    ; 0               ; 0             ; 0               ; 0     ; 0              ; 0            ; 0                ; 0                 ;
; mem2_slave_inst                                     ; 211   ; 118            ; 0            ; 118            ; 219    ; 118             ; 118           ; 118             ; 0     ; 0              ; 0            ; 0                ; 0                 ;
; router_slave_inst|\gen_dummy_master:na_master_inst  ; 94    ; 0              ; 41           ; 0              ; 59     ; 0               ; 0             ; 0               ; 0     ; 0              ; 0            ; 0                ; 0                 ;
; router_slave_inst|\gen_dummy_master:dummy_proc_inst ; 12    ; 1              ; 0            ; 1              ; 50     ; 1               ; 1             ; 1               ; 0     ; 0              ; 0            ; 0                ; 0                 ;
; router_slave_inst|router_inst                       ; 252   ; 0              ; 0            ; 0              ; 250    ; 0               ; 0             ; 0               ; 0     ; 0              ; 0            ; 0                ; 0                 ;
; router_slave_inst                                   ; 211   ; 26             ; 0            ; 26             ; 219    ; 26              ; 26            ; 26              ; 0     ; 0              ; 0            ; 0                ; 0                 ;
; uart_slave_inst|\gen_dummy_slave:na_slave_inst      ; 62    ; 1              ; 9            ; 1              ; 92     ; 1               ; 1             ; 1               ; 0     ; 0              ; 0            ; 0                ; 0                 ;
; uart_slave_inst|\gen_dummy_slave:dummy_slave_inst   ; 44    ; 0              ; 29           ; 0              ; 17     ; 0               ; 0             ; 0               ; 0     ; 0              ; 0            ; 0                ; 0                 ;
; uart_slave_inst|router_inst                         ; 252   ; 0              ; 0            ; 0              ; 250    ; 0               ; 0             ; 0               ; 0     ; 0              ; 0            ; 0                ; 0                 ;
; uart_slave_inst                                     ; 211   ; 126            ; 0            ; 126            ; 219    ; 126             ; 126           ; 126             ; 0     ; 0              ; 0            ; 0                ; 0                 ;
; node_master_inst|\gen_dummy_master:na_master_inst   ; 94    ; 0              ; 41           ; 0              ; 59     ; 0               ; 0             ; 0               ; 0     ; 0              ; 0            ; 0                ; 0                 ;
; node_master_inst|\gen_dummy_master:dummy_proc_inst  ; 12    ; 26             ; 0            ; 26             ; 50     ; 26              ; 26            ; 26              ; 0     ; 0              ; 0            ; 0                ; 0                 ;
; node_master_inst|router_inst                        ; 252   ; 0              ; 0            ; 0              ; 250    ; 0               ; 0             ; 0               ; 0     ; 0              ; 0            ; 0                ; 0                 ;
; node_master_inst                                    ; 211   ; 226            ; 0            ; 226            ; 219    ; 226             ; 226           ; 226             ; 0     ; 0              ; 0            ; 0                ; 0                 ;
+-----------------------------------------------------+-------+----------------+--------------+----------------+--------+-----------------+---------------+-----------------+-------+----------------+--------------+------------------+-------------------+
